375
640
186
181
730
575
772
935
588
591
988
633
600
670
107
786
946
187
710
237
278
156
37
996
367
560
612
63
733
754
469
193
360
994
294
362
531
328
336
193
617
172
489
51
120
653
283
726
887
165
532
806
391
666
479
531
592
403
917
810
472
895
923
2
658
455
185
92
23
877
545
211
708
409
33
482
493
263
604
649
771
290
367
869
247
965
279
959
500
82
926
849
917
189
850
895
442
412
274
675
45
174
139
527
479
403
60
420
528
749
407
278
443
40
252
878
847
663
633
795
225
653
812
914
47
485
784
677
333
968
221
537
659
969
684
656
972
325
338
539
804
572
135
762
219
370
6
243
618
72
357
300
213
912
644
765
121
511
434
551
459
134
29
346
462
740
112
383
195
441
422
928
274
313
842
644
585
806
713
757
541
748
257
334
309
370
859
580
35
89
643
455
754
842
411
931
766
31
575
955
182
66
673
600
138
731
139
594
928
571
284
599
867
212
737
793
412
513
561
924
651
504
631
823
276
162
331
212
589
346
535
34
465
92
761
496
709
347
305
825
218
244
158
334
360
902
377
946
670
994
679
265
892
503
382
422
727
424
764
126
675
723
702
789
653
992
753
115
669
925
821
960
822
628
764
873
57
240
330
684
740
42
283
383
520
402
286
599
886
747
884
885
771
503
250
212
837
760
750
996
795
510
397
318
52
343
776
834
957
814
107
921
100
872
630
77
516
235
918
999
476
937
752
983
237
601
966
280
779
833
100
999
355
936
666
765
866
278
360
92
584
639
51
250
216
548
477
705
421
23
647
498
114
290
339
312
630
683
423
611
158
516
929
385
810
662
54
833
923
912
404
284
199
551
480
503
392
898
384
749
780
690
508
286
64
166
90
276
605
575
504
70
365
334
233
105
419
765
246
2
214
490
28
398
917
14
626
93
377
321
226
707
419
534
940
640
877
398
357
489
238
738
713
217
411
286
34
100
76
789
33
75
844
528
925
677
655
516
825
148
606
486
942
619
520
790
225
414
510
211
203
997
137
78
74
634
686
280
984
151
348
341
866
830
913
204
165
65
978
719
250
274
333
4
356
886
658
282
371
424
689
799
306
457
242
845
326
565
413
265
480
652
538
577
182
923
521
880
318
266
900
351
957
15
798
188
958
124
21
866
905
421
921
312
657
237
982
522
652
547
592
975
650
223
487
680
522
183
784
602
73
15
573
569
875
76
560
817
623
540
440
40
346
873
237
669
83
793
560
963
313
900
74
247
562
995
293
221
292
761
249
4
389
94
573
870
104
202
862
655
242
717
50
495
345
316
383
362
751
861
775
106
971
373
861
499
89
420
736
268
838
289
887
244
967
368
739
799
644
908
884
321
175
267
582
555
877
411
474
285
92
935
39
254
264
574
814
548
658
524
603
431
293
950
445
597
480
85
302
394
863
342
499
524
334
350
699
165
313
387
677
586
742
927
460
276
420
847
511
887
861
679
517
836
900
497
440
633
92
385
31
971
594
225
185
732
81
769
804
651
420
752
183
219
455
467
970
349
674
225
934
740
55
939
39
85
663
352
468
363
271
240
543
646
841
421
4
812
423
31
608
375
156
145
842
720
424
532
615
257
70
579
554
79
518
981
268
887
316
590
749
649
699
359
968
849
675
550
56
588
178
407
35
13
616
576
337
522
644
253
181
308
731
443
418
19
434
853
329
862
248
45
221
566
136
808
391
14
754
631
524
584
926
98
283
448
329
208
691
473
446
123
282
34
77
217
757
842
144
59
58
776
504
177
440
446
35
308
577
348
632
594
558
196
344
234
958
982
847
565
464
410
265
103
462
17
504
972
100
122
565
40
885
75
978
888
747
254
500
674
270
581
388
686
412
433
725
597
778
594
763
272
417
58
576
800
575
656
999
380
615
695
183
670
251
832
492
76
695
328
521
452
440
998
553
549
66
908
762
912
515
341
270
88
743
715
614
998
672
686
190
253
396
568
208
686
226
155
517
918
579
321
754
300
734
680
102
952
537
559
924
272
72
84
325
278
800
7
884
71
0
449
647
216
294
72
622
317
746
822
77
988
321
56
317
666
712
637
605
635
396
3
924
401
860
586
465
831
387
89
256
886
58
472
114
540
547
697
802
94
482
195
968
830
953
529
893
935
304
684
286
426
464
838
549
996
320
73
45
893
476
541
411
369
609
184
199
880
6
231
609
836
810
150
880
339
574
643
974
266
245
496
531
680
843
306
238
989
748
586
680
705
606
565
241
278
462
127
139
33
277
959
329
173
922
218
806
312
42
912
604
516
569
564
581
184
87
60
78
801
90
116
1000
415
80
253
42
861
503
284
763
165
97
39
334
62
803
71
439
201
861
292
412
584
106
100
188
993
393
225
683
717
777
845
205
105
876
413
216
290
100
78
586
808
854
624
932
110
219
660
555
295
984
943
77
915
687
876
896
203
34
688
130
433
547
278
416
110
865
396
884
890
923
351
554
781
684
490
807
945
822
438
615
642
799
895
23
76
861
85
176
922
930
978
264
0
299
722
928
55
393
496
728
204
195
60
286
163
617
35
129
346
153
144
669
615
700
727
144
220
32
900
507
654
364
913
872
343
789
522
806
183
74
311
550
997
382
372
544
307
989
849
281
653
48
517
740
952
597
798
957
777
582
295
366
144
124
152
545
101
262
695
424
525
460
595
526
146
903
960
198
203
850
821
101
448
873
191
606
409
225
106
346
10
162
633
21
240
313
594
616
766
846
275
357
332
877
803
634
20
185
814
234
332
90
585
96
588
116
205
731
105
215
763
923
323
994
767
416
246
448
971
466
829
699
556
335
466
102
265
664
522
171
591
316
546
651
909
107
816
658
885
619
414
875
907
253
201
16
99
677
369
836
498
115
103
41
847
237
751
468
943
653
847
618
416
794
651
246
820
761
416
832
161
943
951
738
553
981
660
465
332
446
942
398
612
492
778
710
196
264
21
488
445
303
225
797
895
660
1000
774
11
780
48
126
916
260
784
328
642
507
264
876
789
71
168
437
716
564
920
359
722
432
766
855
473
937
887
988
420
950
33
7
284
290
355
868
586
824
43
124
128
336
337
163
435
342
318
90
269
611
137
328
878
360
211
414
345
569
882
515
160
979
328
620
527
224
581
84
170
325
78
113
258
422
30
108
859
687
509
158
237
297
89
558
576
893
160
44
463
285
58
69
91
887
511
37
792
828
953
867
756
683
791
35
789
329
855
856
755
134
26
865
215
464
651
134
209
551
876
709
555
188
261
136
124
715
122
223
141
625
160
988
953
784
78
127
43
654
494
350
226
921
104
813
0
713
100
376
649
566
209
254
7
262
106
447
45
570
29
622
257
186
125
348
494
215
292
312
97
915
872
756
260
301
55
39
487
765
563
201
410
376
937
844
377
248
203
72
91
268
799
29
360
321
870
146
247
293
855
140
708
278
375
66
359
522
917
23
475
484
426
600
709
551
844
167
462
500
287
476
330
379
329
395
114
128
551
741
712
799
335
854
946
882
663
421
193
50
938
751
941
130
397
815
701
310
767
209
259
14
295
948
603
904
383
357
671
147
232
583
470
234
180
855
365
253
204
182
582
544
288
209
121
412
212
41
53
165
442
732
975
33
382
800
37
982
459
42
416
255
551
715
283
857
563
196
587
892
416
496
447
642
588
953
86
786
991
63
679
552
492
802
532
1000
783
542
948
95
649
86
836
474
1
885
982
703
779
534
790
431
383
621
225
77
759
246
63
669
288
185
745
525
706
105
297
231
100
507
766
4
615
91
116
889
426
519
675
11
764
119
1
17
359
577
938
493
114
213
382
469
936
465
71
479
657
133
41
325
103
511
572
54
229
528
97
35
440
850
496
968
212
911
867
794
862
713
287
337
249
414
182
635
999
292
854
376
922
446
579
316
880
888
802
250
181
54
817
556
400
166
782
706
848
219
820
310
649
793
671
161
116
819
154
675
507
548
5
528
225
398
128
27
819
484
709
511
140
289
935
566
521
251
279
803
872
955
540
638
546
127
892
49
172
385
358
715
208
140
914
118
618
963
949
103
933
261
522
104
526
369
227
644
784
333
576
126
298
732
815
629
440
937
216
148
573
694
253
856
658
115
720
126
389
546
679
433
290
839
607
474
94
108
962
549
124
125
158
633
68
896
104
341
773
105
152
708
349
266
188
604
63
358
584
284
360
552
709
811
907
267
477
778
502
172
354
130
62
389
49
781
934
506
13
510
581
489
511
756
665
922
432
463
990
752
251
765
11
800
923
979
75
134
39
945
163
82
40
379
992
103
806
715
432
582
551
116
68
768
369
355
306
129
566
958
51
112
458
1000
210
25
605
248
437
388
503
815
16
73
548
319
51
394
328
283
134
976
103
191
589
973
318
317
526
594
959
799
792
737
706
956
299
244
729
74
773
631
591
215
148
969
20
11
465
813
483
102
459
597
868
617
973
615
17
648
745
47
680
394
801
98
372
708
214
458
247
646
71
259
701
219
270
574
455
810
581
866
195
581
234
53
209
341
522
829
974
75
568
571
849
273
379
367
916
879
484
251
799
444
766
987
82
529
102
983
842
639
836
732
59
526
874
591
143
971
169
634
774
790
305
488
823
320
334
690
787
476
562
636
563
186
675
94
714
902
983
261
600
968
16
13
716
243
641
392
889
311
518
790
919
371
733
735
71
944
399
833
721
712
275
637
656
702
500
357
155
536
534
796
39
868
428
15
940
870
166
604
295
564
415
948
977
546
469
966
99
675
638
65
781
914
542
135
994
736
243
586
49
713
471
867
285
97
585
197
223
397
176
961
31
996
475
188
7
159
744
385
945
27
775
940
111
899
245
15
826
739
973
10
691
783
794
112
907
874
414
302
478
609
827
550
641
278
435
261
205
297
305
23
333
804
111
36
608
56
471
88
220
495
168
334
460
372
601
789
792
778
164
359
135
260
599
65
645
599
699
878
753
387
444
844
372
705
57
355
557
8
36
717
731
692
189
81
455
214
40
542
371
657
244
948
864
324
608
335
729
296
38
104
615
582
826
703
178
508
46
445
723
61
315
837
949
655
552
970
812
600
836
990
417
553
120
35
32
676
439
411
712
951
78
330
53
553
614
420
638
76
943
316
508
4
222
326
323
891
408
391
987
881
933
195
110
572
656
906
957
948
261
713
561
527
993
325
111
806
520
404
283
860
246
271
616
39
311
504
981
645
79
946
8
147
684
272
918
460
755
630
745
860
629
846
285
410
549
368
616
452
891
817
75
650
838
875
313
815
137
221
288
871
329
828
950
786
395
740
246
760
105
634
256
63
879
237
128
911
299
965
178
551
347
807
207
616
531
15
544
906
366
935
382
418
456
655
777
939
871
689
157
378
739
151
194
763
987
264
165
208
824
729
376
467
545
255
182
289
388
820
709
756
339
552
423
10
813
284
493
735
175
574
532
738
338
489
468
246
700
238
440
916
572
970
843
703
876
93
595
891
261
299
122
847
95
202
78
31
334
516
72
989
291
332
513
230
556
542
657
481
465
929
398
238
921
760
372
283
571
261
52
501
202
86
632
473
124
791
221
667
370
69
112
919
238
160
301
641
314
787
672
459
31
952
731
370
859
230
229
612
80
489
39
561
38
710
268
899
235
230
532
721
38
486
747
7
913
842
347
154
641
818
338
171
711
80
573
974
292
634
429
588
520
882
236
491
119
513
235
34
256
874
209
391
468
75
52
952
831
779
820
756
77
625
6
39
319
313
516
55
909
924
877
914
928
846
347
95
281
447
816
106
390
741
94
419
803
159
233
162
434
944
339
847
876
729
906
459
357
770
586
303
1000
343
865
883
47
229
777
53
149
475
916
247
225
9
543
4
324
595
55
526
570
940
34
906
828
697
348
668
984
409
963
833
848
800
286
373
204
936
891
625
49
81
457
47
358
771
568
611
477
864
965
236
572
460
618
381
365
362
851
301
210
412
228
849
260
189
531
578
648
419
252
117
238
907
218
689
77
970
67
719
812
115
136
262
306
52
43
674
585
529
130
729
901
734
547
427
91
347
191
383
976
585
71
501
394
951
620
819
991
439
609
368
802
350
683
57
806
637
714
837
348
661
215
60
180
998
60
693
922
81
976
734
795
516
344
405
619
93
577
901
302
536
158
141
456
325
149
919
201
609
890
70
978
15
550
624
623
767
313
53
829
489
246
337
289
667
382
131
930
296
412
227
588
480
469
530
283
37
481
400
409
204
1
23
800
436
393
162
445
616
580
944
771
331
264
863
670
367
1000
99
893
575
934
830
402
9
232
151
141
267
625
790
213
263
979
889
571
34
441
214
638
194
460
863
767
486
126
468
726
519
751
769
119
518
513
541
911
850
20
501
534
111
36
840
443
130
82
54
863
401
52
899
724
687
265
560
331
647
486
486
89
220
894
749
683
752
806
970
561
912
410
904
623
506
254
546
477
812
394
898
825
648
774
534
198
403
42
232
603
81
313
667
546
674
747
330
304
612
958
686
699
36
504
17
793
401
233
213
218
251
547
574
630
12
867
844
269
415
984
879
211
102
205
987
325
12
973
911
597
129
50
458
645
600
711
111
125
934
915
536
276
857
5
252
281
462
399
848
125
230
272
188
210
66
317
592
987
591
122
111
977
936
49
84
672
693
964
352
648
150
60
282
84
646
12
47
267
2
811
739
757
298
137
67
692
106
630
328
141
351
587
131
326
445
682
62
322
924
972
368
842
885
317
368
62
292
101
185
52
676
459
945
106
591
159
171
947
395
156
104
923
639
836
539
83
828
810
877
670
202
148
453
277
828
505
439
971
571
578
804
48
130
979
137
222
219
804
427
635
826
697
417
477
193
146
915
283
925
203
761
834
822
640
542
671
502
83
64
50
844
859
480
458
771
836
471
921
718
622
999
565
107
458
96
485
755
250
359
967
852
817
329
269
843
658
136
362
99
429
311
485
255
829
342
838
745
440
952
191
406
784
856
276
572
364
862
383
58
330
264
283
175
969
179
108
445
702
144
204
173
821
930
617
647
711
70
758
497
52
858
982
193
575
517
990
827
141
785
696
361
922
109
424
150
226
2
515
500
445
907
55
61
746
123
63
193
298
105
686
837
455
916
181
966
113
516
121
281
703
558
19
184
685
964
629
771
333
52
353
452
355
510
739
552
344
195
972
742
566
943
187
148
730
425
676
674
819
900
97
369
351
672
265
839
553
537
552
749
694
533
17
810
490
157
817
779
141
847
496
428
754
467
521
605
684
645
538
42
530
210
209
141
648
610
297
209
458
565
408
444
138
33
670
411
37
412
395
98
176
231
103
891
916
17
430
629
176
431
855
240
518
63
535
431
981
310
283
234
386
524
481
451
172
768
613
114
622
111
81
755
913
816
112
248
777
351
526
533
477
859
398
911
735
213
88
615
868
980
56
532
961
527
588
477
768
642
639
633
193
957
840
657
853
743
19
80
678
532
501
441
716
52
889
844
555
711
806
161
291
942
912
536
737
11
381
339
418
9
474
380
500
555
390
458
848
84
917
862
73
505
941
137
528
962
467
604
769
44
110
353
278
346
199
941
626
71
807
676
647
917
567
411
835
893
230
351
985
364
776
899
236
357
80
648
143
586
585
456
717
583
740
783
602
789
695
210
245
573
893
242
747
702
372
432
593
41
834
613
609
622
883
924
517
503
767
409
208
391
229
539
848
683
619
494
784
414
62
144
22
164
962
505
223
679
418
535
696
90
628
866
839
199
277
676
609
488
771
944
866
331
845
366
256
124
708
511
530
719
583
445
943
364
61
655
811
85
849
869
502
906
91
682
426
509
755
577
314
190
659
79
986
402
833
478
490
97
15
966
681
809
699
890
215
261
689
615
169
910
790
258
260
550
367
872
318
296
857
414
160
912
49
381
182
163
395
946
195
14
927
645
10
737
55
189
495
679
963
281
774
947
879
140
53
232
653
192
41
447
883
923
917
472
735
414
75
873
614
78
360
268
821
599
578
230
999
97
545
157
396
222
837
48
498
223
901
392
940
672
740
919
434
267
737
85
422
720
280
968
841
923
247
740
42
190
155
779
107
137
461
851
923
326
592
467
198
405
32
607
443
838
300
381
490
90
811
581
191
153
808
356
430
78
256
448
902
670
410
668
297
77
674
236
702
61
469
167
848
520
298
357
912
750
166
956
672
73
934
224
81
726
705
495
947
339
992
76
737
737
338
801
480
303
116
791
5
699
698
461
778
507
891
741
726
182
103
279
950
865
434
73
908
20
1
225
756
615
781
534
11
124
609
660
614
105
942
468
699
158
848
161
725
645
24
671
982
18
979
693
931
156
654
444
826
588
881
732
348
793
156
628
427
887
593
473
329
370
998
813
577
920
22
533
633
920
238
655
107
180
919
820
54
550
788
926
459
61
69
656
860
142
819
10
571
877
464
887
777
946
833
538
445
948
436
409
3
22
547
447
394
758
215
261
405
778
67
863
805
50
713
274
635
804
741
19
818
986
78
73
935
428
340
980
310
800
3
372
25
919
112
601
864
559
612
409
503
938
715
506
94
931
285
916
431
812
517
8
567
488
524
160
729
142
795
705
937
547
351
882
5
508
49
831
424
275
377
488
988
224
555
601
80
691
136
359
935
567
120
33
988
573
588
497
465
356
247
620
4
617
750
726
385
153
311
854
802
892
352
2
536
344
733
803
385
79
262
561
852
978
957
380
50
362
454
675
417
886
46
873
949
834
763
469
780
178
447
894
707
814
205
740
767
494
375
507
946
654
111
64
287
836
288
731
938
577
95
526
254
347
735
943
630
369
301
656
584
231
946
528
344
529
745
197
717
163
403
630
201
683
21
534
324
637
682
420
134
15
219
93
533
226
564
435
33
346
206
989
279
499
511
586
6
838
820
723
820
645
119
876
49
427
933
510
314
16
113
556
90
948
144
909
356
46
756
907
770
253
617
717
331
569
438
523
444
443
477
445
25
440
616
473
898
513
608
613
404
956
123
789
797
379
29
775
983
512
429
218
485
768
453
311
480
222
817
145
459
648
3
449
746
443
336
327
209
233
44
866
73
634
489
8
671
957
873
839
248
397
985
905
669
660
7
349
394
22
972
171
594
576
179
169
715
885
688
975
640
169
951
905
262
318
748
413
572
395
574
78
750
901
399
485
385
32
945
720
253
899
948
868
828
405
364
693
704
171
107
358
199
929
768
438
38
100
7
287
987
630
511
908
143
726
705
207
187
168
401
623
84
687
128
658
442
652
998
316
384
651
293
566
124
298
373
544
449
387
32
518
432
602
599
34
529
622
26
23
554
856
734
730
590
254
675
294
481
103
437
970
24
761
764
957
36
564
901
691
931
248
674
524
912
612
963
122
891
156
653
761
70
71
226
758
548
414
2
539
4
948
144
831
486
639
506
842
972
200
885
132
27
636
942
333
236
998
710
215
864
269
273
157
145
673
430
654
753
517
627
949
160
337
123
36
972
866
575
802
334
993
69
969
976
747
517
810
307
462
936
79
84
876
610
687
140
964
58
618
155
880
592
428
560
958
184
224
513
20
524
720
751
563
629
641
750
553
936
516
436
992
371
902
404
442
337
69
832
412
60
839
428
570
660
776
81
308
711
890
951
71
298
534
549
959
499
921
687
770
892
364
966
385
722
741
245
528
256
954
720
409
819
577
487
843
41
399
541
19
571
159
47
318
478
167
676
398
613
918
846
155
182
419
678
714
26
17
353
126
562
758
825
796
379
53
909
886
515
857
991
256
55
424
965
992
304
788
813
3
322
443
224
881
844
946
22
812
967
474
79
975
758
157
648
775
561
287
898
944
696
715
377
419
3
994
139
559
609
610
252
634
177
649
715
894
321
24
195
814
859
481
495
476
565
50
110
435
187
404
544
247
173
732
22
64
998
317
187
113
252
993
564
711
648
472
493
792
595
692
748
663
669
608
26
101
662
574
871
283
519
279
214
805
213
472
4
905
203
441
230
601
820
436
264
119
421
639
781
324
250
186
233
211
33
960
831
884
371
414
492
883
990
597
818
214
148
531
930
252
139
731
888
646
307
453
630
142
67
287
648
849
631
38
884
417
496
262
328
298
796
130
351
22
426
384
3
205
332
650
330
736
369
601
472
28
56
791
481
847
868
747
918
177
134
612
211
365
310
991
324
35
532
714
269
612
879
27
803
649
618
703
890
467
493
396
962
512
895
942
209
863
840
57
656
543
971
440
292
577
433
836
994
37
82
725
804
609
663
415
795
989
161
852
769
975
39
728
114
286
372
532
765
270
889
990
680
460
34
87
726
900
614
996
428
177
862
417
502
613
166
416
222
594
895
574
404
294
163
418
862
680
611
388
634
708
322
321
944
163
636
401
205
909
66
916
422
332
690
312
620
275
894
711
832
639
468
688
568
858
833
888
750
642
564
182
490
182
613
378
252
651
447
188
518
498
414
982
940
930
343
191
585
652
113
379
315
209
432
404
304
759
686
384
280
904
334
11
233
484
472
356
946
665
445
403
977
315
263
496
324
434
128
269
1000
869
629
536
499
311
851
920
507
43
505
498
359
356
513
977
383
157
446
891
676
364
513
163
676
870
514
71
360
952
602
784
53
494
337
328
98
897
104
355
385
444
461
149
643
53
602
421
271
794
556
422
467
977
481
19
809
569
901
14
839
849
659
886
424
102
703
648
240
289
911
945
275
504
615
383
683
248
793
519
646
300
617
827
399
176
630
181
241
309
653
395
265
621
907
625
315
812
969
436
874
916
690
690
618
541
689
632
243
473
769
751
379
471
473
257
608
833
774
73
659
308
648
23
274
860
527
866
794
698
129
738
613
841
444
900
364
192
279
9
560
194
154
77
531
982
409
418
925
752
499
336
708
539
824
614
661
493
510
110
330
979
548
776
885
763
760
72
434
320
322
845
524
473
587
932
600
372
796
715
995
90
946
179
188
453
224
127
285
250
719
139
605
917
40
682
699
891
781
649
175
204
415
390
126
351
145
79
522
195
460
462
80
343
784
413
341
912
79
767
253
964
167
413
675
521
994
740
581
907
403
667
685
519
346
36
823
426
489
899
437
132
488
783
76
830
678
917
235
458
874
642
541
948
216
369
162
992
985
723
544
516
523
52
649
530
954
525
396
867
597
984
291
565
692
903
581
991
74
314
215
529
774
60
696
247
685
186
518
161
956
831
760
638
397
659
623
366
900
779
302
115
352
778
691
347
851
293
776
494
378
375
462
418
348
975
40
363
896
889
212
213
278
126
374
778
650
806
855
845
978
500
231
933
707
478
917
893
145
883
425
738
225
531
590
412
650
20
176
451
499
513
594
457
621
906
546
845
737
740
365
440
96
221
351
293
668
887
355
340
749
210
812
908
511
796
844
232
86
326
923
522
927
423
716
197
634
540
772
165
52
435
346
425
8
809
185
377
606
336
172
471
617
421
359
89
3
933
581
564
634
106
915
466
836
29
173
162
546
534
401
209
184
547
595
80
391
949
771
323
90
501
983
266
448
951
799
88
107
278
489
47
364
45
441
937
354
47
135
560
100
342
209
679
963
878
825
415
28
877
388
9
860
897
519
526
628
496
792
691
900
554
467
723
474
850
3
751
881
576
214
286
966
162
683
574
106
206
274
706
40
345
678
294
202
208
926
940
371
988
498
543
694
34
47
692
205
855
362
571
131
609
792
595
204
501
601
227
292
151
903
522
864
8
937
541
652
105
595
980
169
91
353
981
575
868
810
496
681
602
455
644
130
101
905
506
47
41
1000
407
850
516
445
538
171
298
662
720
997
426
81
260
505
190
970
514
71
419
935
565
997
359
625
109
303
825
965
332
226
670
426
490
123
514
430
929
211
414
293
254
532
151
248
369
178
7
34
625
548
417
298
193
662
6
305
147
691
374
83
153
54
126
669
13
50
506
850
267
664
631
457
873
314
501
267
720
567
935
143
98
915
254
860
783
265
148
976
972
53
495
83
60
784
273
890
277
417
753
39
839
170
908
434
580
475
557
386
633
756
74
561
864
879
138
726
680
307
278
101
362
93
896
690
741
950
964
694
862
127
997
905
199
63
156
751
673
66
805
862
441
303
625
214
498
257
560
74
337
681
647
314
886
330
994
250
913
140
834
719
330
433
299
222
169
393
689
59
152
502
911
894
566
210
200
288
340
47
168
13
59
28
396
906
217
507
575
23
497
394
558
323
64
874
139
503
587
597
289
98
307
779
980
454
584
298
965
834
937
189
143
345
457
594
765
828
123
21
284
525
88
335
472
459
853
372
841
745
420
539
839
568
323
155
838
948
996
34
547
951
554
374
752
458
14
235
888
349
775
741
267
856
13
404
585
945
854
224
226
690
977
332
850
994
811
599
685
343
607
231
776
256
192
873
765
323
530
966
943
184
451
175
230
253
797
984
292
805
397
605
172
957
762
909
913
164
416
306
50
615
768
170
721
323
642
339
642
121
803
643
398
269
878
539
868
384
984
451
303
762
726
804
377
773
544
66
161
326
778
536
74
717
833
749
983
481
585
655
730
936
939
247
508
893
402
154
758
587
721
574
308
65
724
574
48
421
146
347
526
511
373
925
155
92
432
781
255
984
917
562
204
163
90
718
984
298
606
969
445
55
605
646
398
485
142
37
803
777
44
518
666
148
395
52
335
812
514
437
982
355
87
440
263
245
133
225
592
965
196
175
490
425
478
834
211
71
121
708
652
435
875
848
26
9
797
516
926
935
245
970
24
584
563
710
774
464
61
820
271
253
172
157
201
12
670
283
322
308
434
147
359
231
807
613
128
534
948
981
251
558
944
459
945
88
231
69
760
423
229
668
323
387
353
968
465
7
631
754
137
119
271
988
897
17
868
203
237
138
536
63
408
232
413
520
858
257
322
583
250
231
351
557
892
196
511
212
240
915
668
307
9
56
520
907
190
304
682
350
606
845
213
486
214
323
811
588
422
617
64
34
736
46
280
380
861
53
852
942
293
481
177
578
971
911
738
158
282
559
40
140
886
30
71
112
307
134
901
780
38
259
973
595
782
788
842
869
934
37
391
136
564
733
791
260
34
242
478
820
742
504
805
766
386
166
750
354
650
627
807
449
913
830
523
732
281
944
5
219
806
753
169
686
197
702
736
2
225
462
529
752
549
400
486
73
470
239
547
898
348
446
275
584
359
199
302
894
39
160
862
323
759
599
664
959
8
14
689
126
178
14
706
338
656
782
687
887
802
513
266
726
536
107
607
574
700
63
735
880
957
741
255
970
652
212
81
877
967
12
189
229
977
811
260
860
497
760
800
577
971
480
782
896
916
183
592
549
50
382
790
406
967
740
415
16
837
604
622
103
312
155
755
583
611
648
465
921
404
843
372
994
144
243
398
140
108
403
847
760
129
593
607
597
344
607
809
624
388
851
373
106
144
251
621
544
61
26
954
138
384
879
561
320
689
850
607
934
169
427
269
461
450
459
101
981
846
889
879
655
572
679
136
251
105
451
338
760
804
968
122
671
800
585
197
773
33
721
864
139
533
205
402
469
541
460
548
318
46
445
31
674
74
880
749
204
428
68
887
972
630
779
190
897
137
545
870
263
793
732
146
517
539
44
518
39
419
4
431
444
59
341
6
136
99
332
399
683
214
75
543
428
550
491
681
162
809
203
440
627
683
221
1000
511
270
584
32
821
556
751
752
615
543
452
874
881
754
830
113
237
812
222
965
547
230
350
147
913
18
843
534
888
496
465
356
309
701
914
254
303
433
426
791
294
896
282
472
454
113
572
236
68
982
976
44
92
962
192
979
388
145
867
291
586
653
524
164
568
682
733
122
607
249
433
907
248
808
146
340
915
743
239
63
599
116
759
738
637
887
427
776
288
267
87
42
555
277
886
527
63
306
643
695
19
685
888
470
370
515
690
913
895
410
258
56
652
940
29
591
98
401
483
676
696
761
196
927
718
912
44
590
727
910
978
626
808
736
803
66
851
642
903
563
708
837
445
755
82
43
278
78
377
551
271
273
444
327
328
801
105
637
917
734
949
264
775
941
756
643
971
514
641
828
794
718
860
478
105
318
996
956
20
158
567
451
642
454
10
372
661
11
280
112
817
563
528
354
961
137
48
820
111
243
833
785
995
709
924
357
281
233
310
333
49
596
378
207
143
86
218
984
729
811
856
551
430
400
813
153
245
420
411
465
765
355
625
352
894
253
234
157
762
683
870
407
889
72
706
711
939
974
669
491
950
799
312
825
618
581
232
24
975
623
462
43
836
673
241
104
397
38
917
147
448
750
287
602
256
538
709
163
904
374
119
199
356
247
217
907
597
677
917
729
65
575
416
827
115
950
428
923
215
536
925
903
780
845
352
198
622
943
360
812
217
20
140
583
455
136
784
242
381
770
897
777
81
695
955
298
9
489
695
227
811
291
155
115
892
837
233
47
547
539
968
776
859
791
591
20
825
897
360
345
617
655
145
718
439
208
204
119
216
884
353
426
424
423
486
89
602
768
460
425
710
5
229
423
377
262
351
631
726
824
975
593
300
421
54
777
272
278
554
157
836
660
0
918
723
10
660
848
711
917
581
552
941
184
769
964
222
291
829
502
831
468
979
506
668
988
100
473
761
561
265
438
625
642
469
760
637
263
644
599
785
882
37
441
328
619
386
712
243
98
534
877
638
911
906
548
638
840
353
655
281
47
3
183
291
670
721
656
551
199
12
410
282
470
562
581
929
299
994
611
366
475
91
748
800
791
987
160
323
488
64
453
568
138
518
816
383
580
348
79
498
29
999
413
257
777
40
657
834
291
691
621
427
981
41
726
425
744
774
721
465
454
301
731
87
571
405
358
386
738
70
654
534
133
577
829
305
639
483
392
452
496
80
768
11
459
271
959
999
111
632
508
990
608
83
500
948
116
335
540
16
389
595
325
429
770
554
72
823
983
930
209
568
819
325
867
89
4
815
334
86
872
17
379
916
681
568
517
776
229
428
568
989
945
502
822
985
560
806
192
589
430
472
366
189
256
171
80
400
937
841
322
367
334
13
301
18
840
555
879
179
839
224
798
358
291
336
900
173
373
711
772
303
825
684
620
621
845
908
341
319
879
517
870
984
129
760
544
30
825
77
999
740
765
184
491
212
277
123
4
798
964
175
141
957
968
615
724
380
134
800
94
153
846
658
95
73
85
466
899
506
434
200
202
144
177
76
811
466
510
478
962
449
966
454
740
780
618
15
629
775
54
907
329
429
91
525
252
311
229
700
210
856
432
136
117
175
167
189
844
245
267
501
603
438
642
394
914
940
300
946
630
837
951
207
361
841
755
39
668
252
768
200
43
647
854
95
365
647
283
752
416
744
965
351
402
37
490
551
403
766
873
815
494
782
453
481
848
72
150
682
33
127
167
59
26
991
14
320
484
86
259
663
372
397
86
893
669
495
189
561
927
750
212
133
641
725
109
223
362
198
884
981
276
100
25
843
502
879
917
821
538
85
493
846
94
848
54
385
883
997
896
691
970
356
96
811
495
645
84
140
46
633
726
10
174
202
936
901
336
644
559
816
132
481
342
842
14
43
517
926
928
431
974
646
624
658
412
481
960
629
335
136
26
555
943
689
767
372
321
182
366
515
274
368
644
67
27
750
268
139
532
322
753
33
563
475
367
304
223
978
490
684
300
725
954
765
895
915
809
327
492
485
876
387
471
216
775
133
587
843
377
238
837
641
928
424
528
904
938
573
944
274
769
275
104
989
363
556
506
861
267
70
943
775
857
45
441
141
834
268
321
123
87
918
984
508
212
208
730
274
203
289
435
853
478
739
400
289
378
790
277
231
4
275
589
397
431
91
31
932
389
165
568
398
382
187
848
116
600
594
701
43
911
241
682
298
168
599
608
229
824
109
70
373
757
990
176
395
201
182
988
369
375
136
22
544
237
91
373
288
324
31
275
721
202
87
125
481
132
507
456
839
417
953
212
952
78
691
890
123
368
908
153
551
389
671
903
703
295
525
176
734
15
414
780
267
973
85
70
756
238
832
706
128
583
3
372
578
290
592
953
89
241
955
123
532
401
782
85
300
330
913
532
324
80
595
570
649
718
59
490
256
701
18
80
869
559
599
623
877
735
34
699
387
307
242
536
494
318
680
392
796
971
312
901
775
355
723
641
368
569
231
571
157
661
27
610
979
852
326
534
783
647
251
781
977
465
833
925
456
377
534
434
368
414
389
274
828
386
795
107
540
906
70
476
27
17
380
364
867
296
541
44
52
219
771
379
998
680
31
109
698
57
428
97
441
810
653
935
675
136
898
276
361
286
554
180
384
295
613
456
718
627
463
610
500
97
550
345
24
173
916
793
203
43
711
806
929
545
894
586
477
510
312
86
882
455
541
102
307
484
710
909
498
240
893
541
252
490
757
215
524
331
631
495
105
720
651
903
321
850
399
840
878
761
583
117
714
772
536
265
703
681
639
302
494
414
45
651
121
438
952
24
756
831
8
257
387
532
563
822
978
251
379
414
724
83
596
511
191
38
598
100
454
926
44
992
590
398
423
237
589
902
799
757
891
794
675
494
718
281
864
374
865
600
549
185
181
15
725
767
534
434
227
534
182
150
820
480
756
231
686
132
842
134
686
379
72
846
816
843
77
240
174
700
134
432
498
1000
83
946
562
490
443
81
408
799
169
397
925
196
784
485
31
444
423
353
824
441
970
505
759
960
925
838
45
670
649
997
885
918
600
533
835
396
168
398
850
572
463
128
606
307
399
935
294
525
186
77
192
685
898
707
770
548
895
125
761
167
781
134
241
703
511
20
43
886
633
469
141
329
838
675
322
597
149
93
64
503
918
883
620
759
91
797
200
78
408
831
48
787
410
752
981
191
725
215
325
294
658
124
532
255
38
261
260
42
86
613
725
240
683
536
564
73
302
277
95
675
511
296
398
48
209
136
470
335
3
358
389
679
806
211
449
360
822
972
521
812
433
180
623
987
568
507
190
475
731
674
37
402
406
822
882
123
90
392
239
120
780
722
875
330
786
53
292
260
627
288
282
314
918
604
323
765
317
219
857
453
938
446
427
392
403
248
630
636
255
307
835
557
200
528
524
684
189
604
637
142
190
457
536
937
706
34
444
402
417
582
413
83
794
413
813
752
263
314
271
838
101
32
779
713
769
589
769
776
899
864
83
626
87
293
505
597
860
455
82
925
526
162
185
453
973
434
155
442
703
269
447
88
799
799
93
31
111
289
603
642
643
14
524
924
508
743
622
780
184
539
976
375
726
764
710
945
153
253
46
661
300
302
486
380
887
434
764
77
981
520
542
816
167
678
445
549
91
966
474
593
291
51
65
238
560
872
674
120
260
779
315
728
869
819
10
975
35
833
474
360
84
375
307
472
875
993
528
940
156
259
36
444
862
861
996
324
104
806
695
53
505
513
99
944
420
892
10
755
169
142
501
121
925
190
907
736
163
691
652
152
584
207
583
997
401
20
603
327
53
240
805
92
48
680
997
483
701
895
888
135
425
198
37
662
716
679
709
557
959
739
408
892
26
228
595
494
864
951
201
661
466
884
367
700
660
64
783
709
355
884
105
255
182
515
893
280
725
75
758
994
401
446
437
323
243
298
817
203
997
922
552
379
22
305
865
259
362
671
287
992
888
704
130
984
798
769
450
560
830
439
127
95
832
16
350
255
510
293
558
572
968
499
761
847
209
381
577
552
213
990
469
758
550
810
827
474
613
579
208
823
619
150
571
733
799
724
854
471
277
366
30
884
100
4
320
34
334
567
918
952
445
388
856
86
319
348
270
924
330
527
437
494
449
532
652
292
746
332
834
794
943
38
857
413
768
560
89
644
8
319
132
98
312
924
996
528
16
711
888
824
665
850
620
366
38
940
313
21
764
323
587
870
753
28
926
531
338
987
552
225
58
951
363
962
465
436
504
359
830
10
192
6
364
751
489
274
936
12
739
881
809
769
837
35
133
165
395
606
35
338
734
674
78
676
730
23
186
703
790
796
470
3
616
30
817
529
641
978
831
429
360
346
392
218
110
498
89
82
907
418
976
108
656
741
910
524
870
39
35
559
586
505
948
234
940
585
532
842
454
837
167
860
709
982
877
444
522
983
445
568
311
511
158
38
693
760
587
473
882
957
958
423
106
238
167
774
984
508
873
274
753
415
537
144
233
336
31
540
458
952
546
187
323
25
467
623
897
960
844
255
629
558
638
420
314
819
974
996
631
684
542
233
78
426
745
815
721
312
810
214
138
361
397
468
838
466
394
516
402
68
884
747
993
391
832
788
833
113
319
171
905
651
556
398
653
762
669
246
105
452
553
2
536
619
563
858
321
782
763
45
450
685
938
243
92
196
293
729
495
611
22
361
632
582
396
122
212
597
665
46
123
772
529
513
843
979
195
93
148
433
178
68
942
551
381
382
613
793
832
355
852
115
620
747
164
114
467
978
647
701
95
453
592
127
952
289
327
874
258
578
623
9
725
214
564
410
961
948
661
165
827
947
77
950
743
308
245
302
410
725
351
591
446
244
113
378
55
64
719
114
917
796
81
546
512
500
691
785
34
957
782
681
482
42
639
184
923
947
471
43
598
314
474
70
11
919
106
369
217
863
773
463
883
863
198
805
60
743
269
627
732
674
70
900
548
794
835
717
300
424
121
61
579
369
756
888
491
59
743
310
399
615
885
638
222
804
572
895
877
679
434
645
266
64
574
513
366
158
839
764
294
994
709
867
456
90
6
391
349
162
598
619
268
298
381
490
693
521
38
299
182
252
820
22
90
207
484
431
117
481
911
655
625
56
43
202
125
359
381
501
182
3
801
970
363
388
476
791
94
413
369
379
494
481
175
336
827
704
139
863
191
522
971
590
980
962
191
989
495
732
83
636
360
977
229
863
433
187
731
52
509
757
712
920
603
516
913
124
131
559
407
517
663
601
887
888
425
86
926
83
4
283
771
103
608
728
59
303
338
808
163
754
159
969
534
309
30
754
464
945
967
63
364
54
111
274
639
926
880
873
987
717
606
370
939
317
708
467
128
47
730
237
846
733
623
129
417
38
398
27
5
622
171
63
162
631
594
966
187
507
930
3
807
165
488
439
418
71
456
909
905
210
38
600
685
992
613
711
363
104
580
742
443
654
542
451
457
552
10
97
280
519
722
7
396
701
137
42
362
639
731
227
517
919
575
770
304
348
921
353
958
235
464
424
910
182
663
851
811
191
708
874
553
872
199
635
346
706
713
64
56
899
928
670
122
387
658
222
945
341
158
831
322
983
33
842
327
646
33
419
452
8
572
554
818
842
782
285
959
899
843
133
161
621
879
462
41
503
285
985
138
425
349
998
455
867
235
40
254
133
985
704
100
156
5
536
532
893
157
391
847
336
967
276
913
646
382
516
271
192
287
267
721
910
312
613
435
456
814
925
309
163
168
302
642
771
429
326
830
292
504
624
811
720
142
548
249
386
520
939
82
293
716
808
504
675
176
372
89
521
685
420
337
29
799
664
364
448
384
111
158
672
310
183
271
658
545
422
611
311
428
442
53
436
400
601
664
111
90
617
163
27
497
419
436
849
516
175
170
850
603
699
373
696
731
236
674
998
127
309
309
100
906
368
683
393
965
947
751
625
850
972
724
250
595
349
213
45
851
568
640
380
450
533
138
784
952
481
297
795
677
91
347
22
365
526
446
403
383
818
190
195
212
169
67
677
977
21
964
70
885
625
372
140
953
526
36
89
838
318
393
733
209
848
622
172
641
141
178
888
487
398
334
798
739
494
771
473
899
827
981
118
273
783
310
373
300
99
310
770
952
474
46
402
655
536
74
921
409
323
378
936
131
233
334
871
216
989
283
972
563
596
382
955
327
118
240
433
862
11
55
567
171
978
3
738
91
764
844
861
970
540
38
142
374
763
399
22
979
499
584
747
870
354
592
84
688
363
278
882
164
820
593
973
349
850
834
784
926
757
851
961
60
862
494
122
58
278
773
72
83
586
286
754
879
98
240
334
817
566
69
247
109
709
822
183
697
352
80
964
708
110
123
417
34
760
434
784
816
605
71
167
378
269
915
615
521
226
789
497
463
955
10
271
262
631
122
26
599
418
947
688
742
373
78
197
983
213
942
303
214
290
466
103
135
203
36
328
20
198
543
396
587
31
971
723
626
773
576
281
296
790
239
652
196
49
547
699
515
932
463
388
932
732
414
606
562
60
29
576
1
298
198
393
398
590
578
611
975
607
610
856
321
303
115
349
292
828
600
762
930
521
135
517
453
689
152
30
491
366
607
378
938
745
429
731
111
744
631
350
783
633
95
957
414
273
524
925
906
37
369
896
738
689
320
308
122
435
906
791
693
447
977
924
327
886
326
901
29
913
863
163
907
324
704
217
781
773
84
635
272
681
885
651
917
496
616
451
657
531
241
103
650
316
513
518
25
346
177
708
335
274
685
661
528
105
767
423
111
820
36
33
365
635
759
385
704
308
450
381
225
726
568
917
821
455
321
323
921
92
143
664
756
330
53
1
601
631
568
646
552
983
698
727
658
975
213
957
499
268
862
91
169
753
403
30
459
25
808
489
906
299
734
50
460
230
710
896
998
612
267
621
961
312
444
408
45
341
115
683
436
993
811
947
300
668
142
541
445
77
581
799
315
920
182
378
297
397
637
395
461
466
503
642
993
569
492
117
72
363
482
266
255
723
615
132
501
852
987
543
89
663
674
312
339
286
839
812
923
402
979
783
696
354
311
763
51
243
87
930
216
992
747
613
729
624
231
812
181
885
828
385
240
431
174
790
468
761
608
550
170
621
71
480
23
102
278
12
600
902
229
418
906
343
125
681
101
445
438
882
791
272
551
413
268
734
580
206
137
518
168
348
491
737
894
782
699
658
472
373
559
810
412
562
424
562
883
334
49
746
944
741
330
493
437
307
102
877
500
930
238
33
424
130
264
764
370
685
975
467
232
966
294
380
689
341
292
423
760
653
16
14
222
274
746
291
462
468
446
110
317
574
607
390
307
244
707
444
686
108
964
233
304
766
260
869
152
385
208
352
685
201
571
169
590
194
426
315
607
427
63
455
499
826
738
642
578
28
686
893
862
444
455
937
222
74
7
519
247
129
974
33
161
754
345
248
824
359
745
691
407
226
766
39
134
728
949
328
847
864
190
81
707
128
934
939
938
738
727
198
768
942
823
368
244
295
284
667
578
617
791
104
143
419
981
464
860
72
129
484
399
894
664
330
983
581
464
961
204
835
155
469
875
416
503
880
747
167
59
187
192
571
803
994
649
903
787
608
72
655
168
297
850
180
80
544
534
345
981
63
237
277
573
890
264
846
420
324
365
384
704
289
796
134
670
714
156
942
862
203
996
609
403
54
552
61
102
588
548
213
975
139
325
8
886
828
905
299
23
306
263
797
342
412
447
641
522
351
172
565
981
551
984
830
529
60
454
155
449
120
688
562
478
24
699
501
346
146
767
272
649
571
151
993
655
561
738
313
789
19
884
413
17
609
787
515
509
782
998
767
406
535
267
617
42
374
431
813
132
615
436
190
57
898
855
68
75
431
414
508
447
887
213
808
530
267
406
448
943
583
221
849
755
224
223
737
460
617
917
34
23
524
952
43
935
409
641
951
335
586
713
277
747
707
116
720
930
485
29
483
77
559
419
96
680
379
950
48
301
205
552
110
486
232
364
783
458
430
842
522
699
654
140
836
520
661
708
853
529
220
105
657
331
496
818
695
476
407
691
531
637
17
41
685
61
406
61
503
500
669
848
549
395
147
520
13
176
338
967
810
691
572
877
499
811
888
860
394
400
323
749
484
518
280
131
608
861
801
234
205
446
553
88
748
845
287
985
341
534
145
681
855
234
221
762
1
945
343
736
330
533
197
287
546
244
250
352
983
898
145
375
282
165
848
943
382
150
995
217
406
993
31
524
37
166
819
247
647
893
542
607
911
771
888
907
754
844
623
794
783
500
319
641
112
364
782
105
526
192
12
217
696
706
630
843
539
871
612
515
645
537
53
382
597
381
537
990
77
123
792
655
57
824
918
903
700
8
176
601
800
806
135
646
868
565
539
880
21
91
436
15
870
253
423
40
562
60
475
864
445
797
1
620
910
852
758
260
780
986
912
606
59
534
71
392
739
595
265
732
979
625
994
982
74
422
101
144
788
947
613
980
827
475
732
952
151
91
381
290
139
37
992
959
42
555
185
914
848
368
912
869
313
795
902
272
214
89
355
2
433
67
665
611
303
177
840
740
473
589
124
404
743
647
637
753
311
358
56
481
444
54
480
222
185
207
669
224
995
667
573
745
225
22
897
711
831
556
684
973
302
902
440
107
49
322
649
706
274
927
699
286
838
813
923
486
207
569
952
17
743
288
629
118
475
983
212
636
710
485
323
226
403
596
645
813
129
260
848
894
672
695
461
200
862
165
310
936
896
226
916
701
314
269
452
358
76
348
156
959
506
800
647
736
946
37
664
968
216
334
530
891
823
467
292
559
279
624
497
651
272
919
431
800
165
554
148
933
239
855
986
869
572
209
428
453
719
744
750
384
854
111
753
290
